111101000
110000010
111101001
110000011
111101000
001001111
001001111
001001111
001001111
111000000
111100000
111000001
111101100
111110000
111001101
111100001
100000010
111100111
111000111
111001000
010100010
000100111
000101000
111100111
111110000
111001101
111100001
100001010
111101111
111000111
111001000
010100011
000100111
000101000
111101010
111110000
111001101
111100001
100001000
001000011
011000000
001010010
010011000
111101000
111110000
111001101
111100000
100011000
111010000
111001110
111100100
111110001
111001101
111100001
101000010
111101000
111110000
111001101
111100001
101010010
111010001
111001110
111101000
111110000
111001101
111100001
101000011
111010011
000100001
011000000
111010010
000110000
111010111
011010110
111101000
111001110
111100101
111110000
111001101
111100001
100110111
111101010
110010110
111100000
111000110
001100010
011000000
001110011
010010111
111100110
111110000
111001101
111100001
100000111
111100010
111110011
111001101
111100000
100001010
111101011
110010110
